,ImageName,GT_Index,Prob_Of_Obj,Obj_predict
0,ILSVRC2012_val_00001408.csv,1,0.99437755,1
1,ILSVRC2012_val_00002330.csv,1,0.9832977,1
2,ILSVRC2012_val_00003069.csv,1,0.97623944,1
3,ILSVRC2012_val_00003306.csv,1,0.99981815,1
4,ILSVRC2012_val_00003836.csv,1,0.9987923,1
5,ILSVRC2012_val_00004710.csv,1,0.9988446,1
6,ILSVRC2012_val_00004731.csv,1,0.9982249,1
7,ILSVRC2012_val_00006172.csv,1,0.9620427,1
8,ILSVRC2012_val_00006257.csv,1,0.8831332,1
9,ILSVRC2012_val_00006834.csv,1,0.999648,1
10,ILSVRC2012_val_00007915.csv,1,0.99410087,1
11,ILSVRC2012_val_00009586.csv,1,0.99849844,1
12,ILSVRC2012_val_00013414.csv,1,0.98861045,1
13,ILSVRC2012_val_00013475.csv,1,0.999944,1
14,ILSVRC2012_val_00014257.csv,1,0.9968989,4
15,ILSVRC2012_val_00014589.csv,1,0.9993888,1
16,ILSVRC2012_val_00017111.csv,1,0.99809414,3
17,ILSVRC2012_val_00017333.csv,1,0.9991134,4
18,ILSVRC2012_val_00017636.csv,1,0.9903439,1
19,ILSVRC2012_val_00018866.csv,1,0.99257153,4
20,ILSVRC2012_val_00022808.csv,1,0.99758685,1
21,ILSVRC2012_val_00022814.csv,1,0.99936515,1
22,ILSVRC2012_val_00023027.csv,1,0.9984799,1
23,ILSVRC2012_val_00023076.csv,1,0.94153553,1
24,ILSVRC2012_val_00023740.csv,1,0.9979919,4
25,ILSVRC2012_val_00024275.csv,1,0.99964213,1
26,ILSVRC2012_val_00024587.csv,1,0.9999187,1
27,ILSVRC2012_val_00025652.csv,1,0.989976,1
28,ILSVRC2012_val_00028932.csv,1,0.99858654,1
29,ILSVRC2012_val_00031336.csv,1,0.9950912,4
30,ILSVRC2012_val_00032160.csv,1,0.9869811,1
31,ILSVRC2012_val_00033455.csv,1,0.99895227,1
32,ILSVRC2012_val_00033634.csv,1,0.99904686,4
33,ILSVRC2012_val_00033721.csv,1,0.9976198,1
34,ILSVRC2012_val_00034748.csv,1,0.99957186,1
35,ILSVRC2012_val_00035579.csv,1,0.9994844,1
36,ILSVRC2012_val_00036231.csv,1,0.9999392,1
37,ILSVRC2012_val_00036235.csv,1,0.99857116,1
38,ILSVRC2012_val_00037442.csv,1,0.99215966,4
39,ILSVRC2012_val_00038938.csv,1,0.99307764,1
40,ILSVRC2012_val_00041514.csv,1,0.9972216,1
41,ILSVRC2012_val_00042206.csv,1,0.996293,1
42,ILSVRC2012_val_00043452.csv,1,0.9946542,1
43,ILSVRC2012_val_00044678.csv,1,0.9976592,4
44,ILSVRC2012_val_00045195.csv,1,0.8578136,4
45,ILSVRC2012_val_00047236.csv,1,0.9991416,1
46,ILSVRC2012_val_00047250.csv,1,0.9991916,4
47,ILSVRC2012_val_00047438.csv,1,0.9926213,1
48,ILSVRC2012_val_00048145.csv,1,0.9167346,15
49,ILSVRC2012_val_00049435.csv,1,0.99731547,1
50,ILSVRC2012_val_00000709.csv,0,0.9558831,0
51,ILSVRC2012_val_00001496.csv,0,0.9997588,0
52,ILSVRC2012_val_00002072.csv,0,0.9991347,0
53,ILSVRC2012_val_00004612.csv,0,0.9846235,0
54,ILSVRC2012_val_00004719.csv,0,0.9977452,0
55,ILSVRC2012_val_00005207.csv,0,0.9995565,0
56,ILSVRC2012_val_00005362.csv,0,0.99902713,0
57,ILSVRC2012_val_00007023.csv,0,0.9952781,0
58,ILSVRC2012_val_00008778.csv,0,0.99178505,0
59,ILSVRC2012_val_00009683.csv,0,0.9954306,0
60,ILSVRC2012_val_00010417.csv,0,0.9894907,0
61,ILSVRC2012_val_00010598.csv,0,0.9964011,0
62,ILSVRC2012_val_00011952.csv,0,0.99976474,0
63,ILSVRC2012_val_00013410.csv,0,0.9923664,0
64,ILSVRC2012_val_00013918.csv,0,0.9849364,4
65,ILSVRC2012_val_00014432.csv,0,0.99957365,0
66,ILSVRC2012_val_00014773.csv,0,0.9723336,1
67,ILSVRC2012_val_00016918.csv,0,0.99795294,0
68,ILSVRC2012_val_00019119.csv,0,0.9962435,0
69,ILSVRC2012_val_00021675.csv,0,0.9897593,7
70,ILSVRC2012_val_00022337.csv,0,0.9986534,0
71,ILSVRC2012_val_00023393.csv,0,0.97077876,0
72,ILSVRC2012_val_00023696.csv,0,0.99657935,0
73,ILSVRC2012_val_00023786.csv,0,0.9711681,0
74,ILSVRC2012_val_00023871.csv,0,0.9917719,0
75,ILSVRC2012_val_00023906.csv,0,0.99413884,0
76,ILSVRC2012_val_00024000.csv,0,0.9990219,0
77,ILSVRC2012_val_00025168.csv,0,0.9953804,0
78,ILSVRC2012_val_00026403.csv,0,0.9853839,0
79,ILSVRC2012_val_00026412.csv,0,0.99865794,0
80,ILSVRC2012_val_00027189.csv,0,0.9984951,0
81,ILSVRC2012_val_00027448.csv,0,0.99955887,0
82,ILSVRC2012_val_00028628.csv,0,0.999406,0
83,ILSVRC2012_val_00028970.csv,0,0.9994874,0
84,ILSVRC2012_val_00029864.csv,0,0.9974711,0
85,ILSVRC2012_val_00031185.csv,0,0.94494665,0
86,ILSVRC2012_val_00032637.csv,0,0.9998388,0
87,ILSVRC2012_val_00033582.csv,0,0.9739508,0
88,ILSVRC2012_val_00037997.csv,0,0.99663025,0
89,ILSVRC2012_val_00038683.csv,0,0.997988,0
90,ILSVRC2012_val_00038976.csv,0,0.99852175,0
91,ILSVRC2012_val_00040192.csv,0,0.9982918,0
92,ILSVRC2012_val_00040600.csv,0,0.98213595,0
93,ILSVRC2012_val_00041427.csv,0,0.9976145,0
94,ILSVRC2012_val_00041579.csv,0,0.99705315,0
95,ILSVRC2012_val_00042232.csv,0,0.9968611,0
96,ILSVRC2012_val_00044374.csv,0,0.9996853,0
97,ILSVRC2012_val_00046770.csv,0,0.7703617,0
98,ILSVRC2012_val_00046964.csv,0,0.99969935,0
99,ILSVRC2012_val_00049735.csv,0,0.9992949,0
100,ILSVRC2012_val_00000179.csv,3,0.99916685,3
101,ILSVRC2012_val_00000892.csv,3,0.9994299,4
102,ILSVRC2012_val_00004734.csv,3,0.9998728,3
103,ILSVRC2012_val_00005097.csv,3,0.99948263,4
104,ILSVRC2012_val_00007267.csv,3,0.99958223,3
105,ILSVRC2012_val_00008317.csv,3,0.9999455,3
106,ILSVRC2012_val_00009113.csv,3,0.999944,3
107,ILSVRC2012_val_00009168.csv,3,0.9987618,3
108,ILSVRC2012_val_00009344.csv,3,0.99987817,3
109,ILSVRC2012_val_00011600.csv,3,0.9993326,3
110,ILSVRC2012_val_00014304.csv,3,0.9995153,3
111,ILSVRC2012_val_00014369.csv,3,0.99870026,3
112,ILSVRC2012_val_00014370.csv,3,0.99980193,3
113,ILSVRC2012_val_00017358.csv,3,0.9999654,3
114,ILSVRC2012_val_00017532.csv,3,0.99992156,3
115,ILSVRC2012_val_00018417.csv,3,0.9997247,3
116,ILSVRC2012_val_00018928.csv,3,0.998762,3
117,ILSVRC2012_val_00018932.csv,3,0.9731032,3
118,ILSVRC2012_val_00019729.csv,3,0.9997125,3
119,ILSVRC2012_val_00019843.csv,3,0.99408984,3
120,ILSVRC2012_val_00021242.csv,3,0.9995307,3
121,ILSVRC2012_val_00022302.csv,3,0.99980897,3
122,ILSVRC2012_val_00023066.csv,3,0.99998045,3
123,ILSVRC2012_val_00023360.csv,3,0.9101856,3
124,ILSVRC2012_val_00023408.csv,3,0.9998808,3
125,ILSVRC2012_val_00027043.csv,3,0.99957865,3
126,ILSVRC2012_val_00029082.csv,3,0.9998423,3
127,ILSVRC2012_val_00029378.csv,3,0.9997913,3
128,ILSVRC2012_val_00030081.csv,3,0.99997437,3
129,ILSVRC2012_val_00032126.csv,3,0.9996074,3
130,ILSVRC2012_val_00033221.csv,3,0.9996132,3
131,ILSVRC2012_val_00033323.csv,3,0.9989291,3
132,ILSVRC2012_val_00034046.csv,3,0.99943656,3
133,ILSVRC2012_val_00034108.csv,3,0.9999535,3
134,ILSVRC2012_val_00035846.csv,3,0.99963474,3
135,ILSVRC2012_val_00039259.csv,3,0.9997727,3
136,ILSVRC2012_val_00039474.csv,3,0.99994254,3
137,ILSVRC2012_val_00041332.csv,3,0.9990049,3
138,ILSVRC2012_val_00042235.csv,3,0.99964666,3
139,ILSVRC2012_val_00043299.csv,3,0.99797076,3
140,ILSVRC2012_val_00044391.csv,3,0.9990945,3
141,ILSVRC2012_val_00044832.csv,3,0.99996686,3
142,ILSVRC2012_val_00045251.csv,3,0.99975044,3
143,ILSVRC2012_val_00045356.csv,3,0.9997875,3
144,ILSVRC2012_val_00045409.csv,3,0.994871,3
145,ILSVRC2012_val_00046638.csv,3,0.99903595,3
146,ILSVRC2012_val_00047494.csv,3,0.9998797,3
147,ILSVRC2012_val_00048225.csv,3,0.99640876,5
148,ILSVRC2012_val_00049082.csv,3,0.9999666,3
149,ILSVRC2012_val_00049605.csv,3,0.9987551,3
150,ILSVRC2012_val_00001280.csv,5,0.99984217,5
151,ILSVRC2012_val_00001513.csv,5,0.714572,5
152,ILSVRC2012_val_00002273.csv,5,0.9593003,5
153,ILSVRC2012_val_00004751.csv,5,0.90098953,5
154,ILSVRC2012_val_00004838.csv,5,0.99928135,5
155,ILSVRC2012_val_00005184.csv,5,0.9963108,5
156,ILSVRC2012_val_00005366.csv,5,0.993958,5
157,ILSVRC2012_val_00006439.csv,5,0.9992405,4
158,ILSVRC2012_val_00007380.csv,5,0.98169345,5
159,ILSVRC2012_val_00009046.csv,5,0.99838877,4
160,ILSVRC2012_val_00010029.csv,5,0.9868954,5
161,ILSVRC2012_val_00010513.csv,5,0.9996069,5
162,ILSVRC2012_val_00010592.csv,5,0.99906045,4
163,ILSVRC2012_val_00012346.csv,5,0.5399589,0
164,ILSVRC2012_val_00013190.csv,5,0.99974245,4
165,ILSVRC2012_val_00013637.csv,5,0.9996735,4
166,ILSVRC2012_val_00014502.csv,5,0.9913025,4
167,ILSVRC2012_val_00015027.csv,5,0.9988996,5
168,ILSVRC2012_val_00015911.csv,5,0.99005884,5
169,ILSVRC2012_val_00016115.csv,5,0.9963458,5
170,ILSVRC2012_val_00016415.csv,5,0.9999206,4
171,ILSVRC2012_val_00017987.csv,5,0.9988733,4
172,ILSVRC2012_val_00018643.csv,5,0.96826786,4
173,ILSVRC2012_val_00021400.csv,5,0.99922466,4
174,ILSVRC2012_val_00023387.csv,5,0.9996772,5
175,ILSVRC2012_val_00024033.csv,5,0.96709186,4
176,ILSVRC2012_val_00025775.csv,5,0.99685943,5
177,ILSVRC2012_val_00026120.csv,5,0.9237147,5
178,ILSVRC2012_val_00027362.csv,5,0.9991103,4
179,ILSVRC2012_val_00028017.csv,5,0.9965071,5
180,ILSVRC2012_val_00028929.csv,5,0.99966097,5
181,ILSVRC2012_val_00030497.csv,5,0.99381447,4
182,ILSVRC2012_val_00034143.csv,5,0.9920133,5
183,ILSVRC2012_val_00035962.csv,5,0.99211556,5
184,ILSVRC2012_val_00037334.csv,5,0.99015766,5
185,ILSVRC2012_val_00038286.csv,5,0.9998242,5
186,ILSVRC2012_val_00038349.csv,5,0.99517655,4
187,ILSVRC2012_val_00038584.csv,5,0.99752384,5
188,ILSVRC2012_val_00038866.csv,5,0.9989297,5
189,ILSVRC2012_val_00039271.csv,5,0.99942565,4
190,ILSVRC2012_val_00041005.csv,5,0.9883739,5
191,ILSVRC2012_val_00041495.csv,5,0.9787506,2
192,ILSVRC2012_val_00042064.csv,5,0.8056542,5
193,ILSVRC2012_val_00042129.csv,5,0.99746466,5
194,ILSVRC2012_val_00042936.csv,5,0.99540424,4
195,ILSVRC2012_val_00043758.csv,5,0.9974037,4
196,ILSVRC2012_val_00045025.csv,5,0.9995515,5
197,ILSVRC2012_val_00047750.csv,5,0.99687034,5
198,ILSVRC2012_val_00049278.csv,5,0.9908661,5
199,ILSVRC2012_val_00049320.csv,5,0.9998505,4
200,ILSVRC2012_val_00001177.csv,2,0.9996755,2
201,ILSVRC2012_val_00001958.csv,2,0.9996642,2
202,ILSVRC2012_val_00002282.csv,2,0.99961567,2
203,ILSVRC2012_val_00002887.csv,2,0.99531674,2
204,ILSVRC2012_val_00003538.csv,2,0.99995625,2
205,ILSVRC2012_val_00003747.csv,2,0.9999486,2
206,ILSVRC2012_val_00004013.csv,2,0.9997359,2
207,ILSVRC2012_val_00004990.csv,2,0.9918085,2
208,ILSVRC2012_val_00005109.csv,2,0.99950206,2
209,ILSVRC2012_val_00007292.csv,2,0.99985504,2
210,ILSVRC2012_val_00009638.csv,2,0.99995124,2
211,ILSVRC2012_val_00010078.csv,2,0.9998907,2
212,ILSVRC2012_val_00010196.csv,2,0.99997115,2
213,ILSVRC2012_val_00010242.csv,2,0.6504883,4
214,ILSVRC2012_val_00010619.csv,2,0.9998957,2
215,ILSVRC2012_val_00013193.csv,2,0.99914753,2
216,ILSVRC2012_val_00015578.csv,2,0.9999182,2
217,ILSVRC2012_val_00016215.csv,2,0.99938285,2
218,ILSVRC2012_val_00017097.csv,2,0.9998752,2
219,ILSVRC2012_val_00018201.csv,2,0.9998103,2
220,ILSVRC2012_val_00018263.csv,2,0.99992657,2
221,ILSVRC2012_val_00021712.csv,2,0.9998727,2
222,ILSVRC2012_val_00021807.csv,2,0.9993549,2
223,ILSVRC2012_val_00022907.csv,2,0.99991333,2
224,ILSVRC2012_val_00023463.csv,2,0.9999703,2
225,ILSVRC2012_val_00025072.csv,2,0.99987185,2
226,ILSVRC2012_val_00025941.csv,2,0.99972564,2
227,ILSVRC2012_val_00027908.csv,2,0.9998596,2
228,ILSVRC2012_val_00029453.csv,2,0.9975412,2
229,ILSVRC2012_val_00030840.csv,2,0.99994636,2
230,ILSVRC2012_val_00032404.csv,2,0.9997545,2
231,ILSVRC2012_val_00032620.csv,2,0.9998857,2
232,ILSVRC2012_val_00033235.csv,2,0.9999293,2
233,ILSVRC2012_val_00033832.csv,2,0.9998379,2
234,ILSVRC2012_val_00033861.csv,2,0.9999453,2
235,ILSVRC2012_val_00034527.csv,2,0.9999143,2
236,ILSVRC2012_val_00034562.csv,2,0.99993014,2
237,ILSVRC2012_val_00036121.csv,2,0.9999739,2
238,ILSVRC2012_val_00036436.csv,2,0.999683,2
239,ILSVRC2012_val_00037659.csv,2,0.9966139,4
240,ILSVRC2012_val_00038578.csv,2,0.99988353,2
241,ILSVRC2012_val_00039678.csv,2,0.99985397,2
242,ILSVRC2012_val_00040375.csv,2,0.9999739,2
243,ILSVRC2012_val_00041799.csv,2,0.99982774,2
244,ILSVRC2012_val_00042879.csv,2,0.99978894,2
245,ILSVRC2012_val_00046061.csv,2,0.9997515,2
246,ILSVRC2012_val_00047534.csv,2,0.99960345,2
247,ILSVRC2012_val_00047540.csv,2,0.9997502,2
248,ILSVRC2012_val_00048108.csv,2,0.99997807,2
249,ILSVRC2012_val_00048781.csv,2,0.99985576,2
250,ILSVRC2012_val_00000631.csv,8,0.99723345,8
251,ILSVRC2012_val_00001390.csv,8,0.99952805,8
252,ILSVRC2012_val_00001506.csv,8,0.9985039,8
253,ILSVRC2012_val_00001952.csv,8,0.9999207,8
254,ILSVRC2012_val_00003960.csv,8,0.99937797,8
255,ILSVRC2012_val_00008292.csv,8,0.9996718,8
256,ILSVRC2012_val_00009537.csv,8,0.99790776,8
257,ILSVRC2012_val_00010597.csv,8,0.99989724,8
258,ILSVRC2012_val_00011168.csv,8,0.9993119,8
259,ILSVRC2012_val_00012263.csv,8,0.9999043,8
260,ILSVRC2012_val_00014425.csv,8,0.9998828,8
261,ILSVRC2012_val_00015498.csv,8,0.9998343,8
262,ILSVRC2012_val_00015636.csv,8,0.99989974,8
263,ILSVRC2012_val_00016995.csv,8,0.99979526,8
264,ILSVRC2012_val_00018616.csv,8,0.9975688,8
265,ILSVRC2012_val_00018685.csv,8,0.999734,8
266,ILSVRC2012_val_00019179.csv,8,0.9979219,8
267,ILSVRC2012_val_00019677.csv,8,0.9987979,8
268,ILSVRC2012_val_00022532.csv,8,0.99821424,8
269,ILSVRC2012_val_00022975.csv,8,0.99974734,8
270,ILSVRC2012_val_00023316.csv,8,0.99987376,8
271,ILSVRC2012_val_00023781.csv,8,0.99995947,8
272,ILSVRC2012_val_00023863.csv,8,0.9996049,8
273,ILSVRC2012_val_00024108.csv,8,0.9994117,8
274,ILSVRC2012_val_00024747.csv,8,0.99905974,8
275,ILSVRC2012_val_00026189.csv,8,0.970778,14
276,ILSVRC2012_val_00026859.csv,8,0.9991208,8
277,ILSVRC2012_val_00028019.csv,8,0.99963033,8
278,ILSVRC2012_val_00030319.csv,8,0.99967253,8
279,ILSVRC2012_val_00030411.csv,8,0.9973404,8
280,ILSVRC2012_val_00030531.csv,8,0.999775,8
281,ILSVRC2012_val_00032804.csv,8,0.9995103,8
282,ILSVRC2012_val_00033161.csv,8,0.9967068,8
283,ILSVRC2012_val_00033441.csv,8,0.9995572,8
284,ILSVRC2012_val_00033920.csv,8,0.9999218,8
285,ILSVRC2012_val_00034342.csv,8,0.9998853,8
286,ILSVRC2012_val_00035783.csv,8,0.999006,8
287,ILSVRC2012_val_00036394.csv,8,0.9999325,8
288,ILSVRC2012_val_00037801.csv,8,0.9987759,8
289,ILSVRC2012_val_00039213.csv,8,0.99884427,8
290,ILSVRC2012_val_00040136.csv,8,0.99989974,8
291,ILSVRC2012_val_00040547.csv,8,0.9987054,8
292,ILSVRC2012_val_00041518.csv,8,0.9995459,8
293,ILSVRC2012_val_00043242.csv,8,0.9961124,8
294,ILSVRC2012_val_00044253.csv,8,0.9960795,8
295,ILSVRC2012_val_00046862.csv,8,0.99978405,8
296,ILSVRC2012_val_00046971.csv,8,0.99964607,8
297,ILSVRC2012_val_00047829.csv,8,0.99966633,8
298,ILSVRC2012_val_00048111.csv,8,0.9997131,8
299,ILSVRC2012_val_00049097.csv,8,0.9998342,8
300,ILSVRC2012_val_00000056.csv,13,0.931184,13
301,ILSVRC2012_val_00000431.csv,13,0.99871707,13
302,ILSVRC2012_val_00000432.csv,13,0.982349,13
303,ILSVRC2012_val_00000720.csv,13,0.9948421,13
304,ILSVRC2012_val_00001093.csv,13,0.9107815,13
305,ILSVRC2012_val_00003112.csv,13,0.8828461,13
306,ILSVRC2012_val_00003886.csv,13,0.9980117,4
307,ILSVRC2012_val_00004197.csv,13,0.99320847,13
308,ILSVRC2012_val_00005877.csv,13,0.9882763,13
309,ILSVRC2012_val_00006258.csv,13,0.95815194,1
310,ILSVRC2012_val_00010637.csv,13,0.99255294,6
311,ILSVRC2012_val_00012182.csv,13,0.9988319,4
312,ILSVRC2012_val_00012583.csv,13,0.9994505,4
313,ILSVRC2012_val_00016645.csv,13,0.9350579,13
314,ILSVRC2012_val_00017822.csv,13,0.99690396,13
315,ILSVRC2012_val_00018246.csv,13,0.99482995,4
316,ILSVRC2012_val_00018744.csv,13,0.99454075,4
317,ILSVRC2012_val_00019725.csv,13,0.98244274,13
318,ILSVRC2012_val_00020002.csv,13,0.9545892,4
319,ILSVRC2012_val_00021301.csv,13,0.65044093,14
320,ILSVRC2012_val_00021716.csv,13,0.99802077,13
321,ILSVRC2012_val_00021775.csv,13,0.9148525,9
322,ILSVRC2012_val_00023507.csv,13,0.9991153,13
323,ILSVRC2012_val_00024931.csv,13,0.9939169,3
324,ILSVRC2012_val_00025244.csv,13,0.9696492,13
325,ILSVRC2012_val_00025657.csv,13,0.99259573,13
326,ILSVRC2012_val_00026577.csv,13,0.99725145,4
327,ILSVRC2012_val_00026694.csv,13,0.9942272,13
328,ILSVRC2012_val_00026747.csv,13,0.9543354,4
329,ILSVRC2012_val_00029841.csv,13,0.9733085,13
330,ILSVRC2012_val_00030314.csv,13,0.98690885,13
331,ILSVRC2012_val_00031878.csv,13,0.96947473,13
332,ILSVRC2012_val_00034269.csv,13,0.9948808,13
333,ILSVRC2012_val_00034836.csv,13,0.9948555,13
334,ILSVRC2012_val_00035012.csv,13,0.9992061,13
335,ILSVRC2012_val_00035018.csv,13,0.97879446,4
336,ILSVRC2012_val_00036204.csv,13,0.9892429,13
337,ILSVRC2012_val_00037652.csv,13,0.8887256,13
338,ILSVRC2012_val_00038811.csv,13,0.93896025,13
339,ILSVRC2012_val_00039097.csv,13,0.9922766,13
340,ILSVRC2012_val_00039250.csv,13,0.9380681,14
341,ILSVRC2012_val_00040571.csv,13,0.9898213,13
342,ILSVRC2012_val_00041065.csv,13,0.98891544,13
343,ILSVRC2012_val_00041873.csv,13,0.99276876,13
344,ILSVRC2012_val_00041920.csv,13,0.99125797,13
345,ILSVRC2012_val_00042104.csv,13,0.9302989,4
346,ILSVRC2012_val_00043903.csv,13,0.9528874,13
347,ILSVRC2012_val_00044318.csv,13,0.99762124,4
348,ILSVRC2012_val_00048951.csv,13,0.92151713,4
349,ILSVRC2012_val_00049552.csv,13,0.9992392,4
350,ILSVRC2012_val_00001699.csv,12,0.9999759,12
351,ILSVRC2012_val_00001976.csv,12,0.9945668,12
352,ILSVRC2012_val_00002199.csv,12,0.99985564,12
353,ILSVRC2012_val_00004585.csv,12,0.9998287,12
354,ILSVRC2012_val_00005895.csv,12,0.9995522,12
355,ILSVRC2012_val_00006515.csv,12,0.9990232,12
356,ILSVRC2012_val_00007879.csv,12,0.999931,12
357,ILSVRC2012_val_00008824.csv,12,0.99992514,12
358,ILSVRC2012_val_00011681.csv,12,0.99992204,12
359,ILSVRC2012_val_00013372.csv,12,0.99910885,12
360,ILSVRC2012_val_00013865.csv,12,0.9947856,12
361,ILSVRC2012_val_00014184.csv,12,0.9999013,12
362,ILSVRC2012_val_00016175.csv,12,0.99967015,12
363,ILSVRC2012_val_00018483.csv,12,0.9997459,12
364,ILSVRC2012_val_00018705.csv,12,0.9907865,12
365,ILSVRC2012_val_00019595.csv,12,0.9995479,12
366,ILSVRC2012_val_00019631.csv,12,0.99984026,12
367,ILSVRC2012_val_00020145.csv,12,0.9997863,12
368,ILSVRC2012_val_00020195.csv,12,0.9998331,12
369,ILSVRC2012_val_00021603.csv,12,0.9998733,12
370,ILSVRC2012_val_00022251.csv,12,0.9990896,12
371,ILSVRC2012_val_00023047.csv,12,0.9999262,12
372,ILSVRC2012_val_00023549.csv,12,0.99979204,12
373,ILSVRC2012_val_00023716.csv,12,0.71457714,12
374,ILSVRC2012_val_00024364.csv,12,0.9998683,12
375,ILSVRC2012_val_00024842.csv,12,0.9988782,12
376,ILSVRC2012_val_00025106.csv,12,0.9999535,12
377,ILSVRC2012_val_00025863.csv,12,0.9999485,12
378,ILSVRC2012_val_00030381.csv,12,0.99987936,12
379,ILSVRC2012_val_00030848.csv,12,0.96795446,12
380,ILSVRC2012_val_00031271.csv,12,0.99887294,12
381,ILSVRC2012_val_00031698.csv,12,0.9998098,12
382,ILSVRC2012_val_00033075.csv,12,0.99944,12
383,ILSVRC2012_val_00034871.csv,12,0.99980026,12
384,ILSVRC2012_val_00036429.csv,12,0.99930894,12
385,ILSVRC2012_val_00036813.csv,12,0.99976104,12
386,ILSVRC2012_val_00037150.csv,12,0.9993907,12
387,ILSVRC2012_val_00037366.csv,12,0.9972145,12
388,ILSVRC2012_val_00039148.csv,12,0.9960951,12
389,ILSVRC2012_val_00040246.csv,12,0.99976724,12
390,ILSVRC2012_val_00041802.csv,12,0.99960786,12
391,ILSVRC2012_val_00043068.csv,12,0.9997323,12
392,ILSVRC2012_val_00043187.csv,12,0.99947935,12
393,ILSVRC2012_val_00043551.csv,12,0.9997832,12
394,ILSVRC2012_val_00044592.csv,12,0.999764,12
395,ILSVRC2012_val_00045872.csv,12,0.9998654,12
396,ILSVRC2012_val_00046255.csv,12,0.99964094,12
397,ILSVRC2012_val_00046707.csv,12,0.99991465,12
398,ILSVRC2012_val_00048678.csv,12,0.9999734,12
399,ILSVRC2012_val_00049821.csv,12,0.999716,12
400,ILSVRC2012_val_00000151.csv,7,0.99673957,4
401,ILSVRC2012_val_00000660.csv,7,0.9994704,7
402,ILSVRC2012_val_00001713.csv,7,0.9982033,7
403,ILSVRC2012_val_00002580.csv,7,0.99832386,7
404,ILSVRC2012_val_00003142.csv,7,0.8707879,7
405,ILSVRC2012_val_00003418.csv,7,0.9990068,7
406,ILSVRC2012_val_00005001.csv,7,0.996799,16
407,ILSVRC2012_val_00005275.csv,7,0.9988777,4
408,ILSVRC2012_val_00005940.csv,7,0.99914885,7
409,ILSVRC2012_val_00007373.csv,7,0.9939803,7
410,ILSVRC2012_val_00007948.csv,7,0.9898183,7
411,ILSVRC2012_val_00008787.csv,7,0.9988128,7
412,ILSVRC2012_val_00008836.csv,7,0.9982628,7
413,ILSVRC2012_val_00011275.csv,7,0.99903727,4
414,ILSVRC2012_val_00011923.csv,7,0.99570954,7
415,ILSVRC2012_val_00015965.csv,7,0.99948657,7
416,ILSVRC2012_val_00016812.csv,7,0.99819547,7
417,ILSVRC2012_val_00017736.csv,7,0.99910754,7
418,ILSVRC2012_val_00018063.csv,7,0.9700936,7
419,ILSVRC2012_val_00018221.csv,7,0.96852386,7
420,ILSVRC2012_val_00019840.csv,7,0.98654395,7
421,ILSVRC2012_val_00021413.csv,7,0.99895823,18
422,ILSVRC2012_val_00021447.csv,7,0.9984158,7
423,ILSVRC2012_val_00022093.csv,7,0.997285,7
424,ILSVRC2012_val_00022256.csv,7,0.99943596,7
425,ILSVRC2012_val_00024496.csv,7,0.9989796,7
426,ILSVRC2012_val_00024499.csv,7,0.9989477,4
427,ILSVRC2012_val_00024552.csv,7,0.9988018,7
428,ILSVRC2012_val_00024869.csv,7,0.9972697,7
429,ILSVRC2012_val_00026305.csv,7,0.9461432,7
430,ILSVRC2012_val_00029674.csv,7,0.9973922,7
431,ILSVRC2012_val_00030849.csv,7,0.99251795,4
432,ILSVRC2012_val_00031511.csv,7,0.9980338,7
433,ILSVRC2012_val_00031537.csv,7,0.9931271,7
434,ILSVRC2012_val_00031574.csv,7,0.9987097,7
435,ILSVRC2012_val_00031843.csv,7,0.99859136,7
436,ILSVRC2012_val_00033185.csv,7,0.9947574,7
437,ILSVRC2012_val_00037062.csv,7,0.9977616,7
438,ILSVRC2012_val_00037209.csv,7,0.9990414,7
439,ILSVRC2012_val_00038082.csv,7,0.99919814,7
440,ILSVRC2012_val_00038104.csv,7,0.9987197,7
441,ILSVRC2012_val_00038829.csv,7,0.99778783,7
442,ILSVRC2012_val_00040665.csv,7,0.9983876,7
443,ILSVRC2012_val_00042454.csv,7,0.994451,7
444,ILSVRC2012_val_00043390.csv,7,0.99875855,7
445,ILSVRC2012_val_00045326.csv,7,0.9508752,7
446,ILSVRC2012_val_00047429.csv,7,0.99778086,7
447,ILSVRC2012_val_00048251.csv,7,0.9977684,7
448,ILSVRC2012_val_00048258.csv,7,0.99578345,7
449,ILSVRC2012_val_00048620.csv,7,0.99981445,4
450,ILSVRC2012_val_00001892.csv,11,0.99487656,11
451,ILSVRC2012_val_00001965.csv,11,0.9914663,11
452,ILSVRC2012_val_00001980.csv,11,0.9983442,11
453,ILSVRC2012_val_00003879.csv,11,0.9995358,11
454,ILSVRC2012_val_00004465.csv,11,0.9990651,4
455,ILSVRC2012_val_00004619.csv,11,0.9982461,4
456,ILSVRC2012_val_00004789.csv,11,0.9964154,4
457,ILSVRC2012_val_00005644.csv,11,0.99772626,11
458,ILSVRC2012_val_00007523.csv,11,0.9919665,11
459,ILSVRC2012_val_00008959.csv,11,0.9991773,11
460,ILSVRC2012_val_00009285.csv,11,0.99935967,11
461,ILSVRC2012_val_00010227.csv,11,0.99984336,11
462,ILSVRC2012_val_00010636.csv,11,0.9995522,11
463,ILSVRC2012_val_00011611.csv,11,0.9999,-1
464,ILSVRC2012_val_00014286.csv,11,0.9946261,11
465,ILSVRC2012_val_00015484.csv,11,0.98305273,4
466,ILSVRC2012_val_00016338.csv,11,0.99393636,11
467,ILSVRC2012_val_00016364.csv,11,0.9994935,11
468,ILSVRC2012_val_00016453.csv,11,0.9278269,18
469,ILSVRC2012_val_00016491.csv,11,0.99791175,11
470,ILSVRC2012_val_00016880.csv,11,0.9953791,11
471,ILSVRC2012_val_00018315.csv,11,0.979454,11
472,ILSVRC2012_val_00018448.csv,11,0.99782676,11
473,ILSVRC2012_val_00022401.csv,11,0.99699306,11
474,ILSVRC2012_val_00022929.csv,11,0.99806994,11
475,ILSVRC2012_val_00023687.csv,11,0.99951816,11
476,ILSVRC2012_val_00024929.csv,11,0.99956733,11
477,ILSVRC2012_val_00027886.csv,11,0.99947804,11
478,ILSVRC2012_val_00028108.csv,11,0.9995209,11
479,ILSVRC2012_val_00030174.csv,11,0.9983309,11
480,ILSVRC2012_val_00030997.csv,11,0.99923134,11
481,ILSVRC2012_val_00033956.csv,11,0.99898857,4
482,ILSVRC2012_val_00036806.csv,11,0.9976584,11
483,ILSVRC2012_val_00036916.csv,11,0.99931204,4
484,ILSVRC2012_val_00037060.csv,11,0.99521434,11
485,ILSVRC2012_val_00037320.csv,11,0.9998927,11
486,ILSVRC2012_val_00038473.csv,11,0.9840052,4
487,ILSVRC2012_val_00038689.csv,11,0.9978532,11
488,ILSVRC2012_val_00039358.csv,11,0.97181714,4
489,ILSVRC2012_val_00042747.csv,11,0.99893016,11
490,ILSVRC2012_val_00043373.csv,11,0.9987231,11
491,ILSVRC2012_val_00043402.csv,11,0.9980263,11
492,ILSVRC2012_val_00043594.csv,11,0.99724364,11
493,ILSVRC2012_val_00045153.csv,11,0.9953967,11
494,ILSVRC2012_val_00045182.csv,11,0.99887687,4
495,ILSVRC2012_val_00045359.csv,11,0.97522753,11
496,ILSVRC2012_val_00046259.csv,11,0.99959034,4
497,ILSVRC2012_val_00046394.csv,11,0.99668294,11
498,ILSVRC2012_val_00046855.csv,11,0.9980817,11
499,ILSVRC2012_val_00049655.csv,11,0.9804065,11
500,ILSVRC2012_val_00001659.csv,10,0.99956554,4
501,ILSVRC2012_val_00001661.csv,10,0.97530115,4
502,ILSVRC2012_val_00003873.csv,10,0.99922013,4
503,ILSVRC2012_val_00004147.csv,10,0.99405307,4
504,ILSVRC2012_val_00005303.csv,10,0.9904233,4
505,ILSVRC2012_val_00005330.csv,10,0.9997944,4
506,ILSVRC2012_val_00005546.csv,10,0.99867505,4
507,ILSVRC2012_val_00006158.csv,10,0.9998423,4
508,ILSVRC2012_val_00011329.csv,10,0.9992367,4
509,ILSVRC2012_val_00011330.csv,10,0.993771,4
510,ILSVRC2012_val_00012096.csv,10,0.99584156,4
511,ILSVRC2012_val_00015867.csv,10,0.74865305,11
512,ILSVRC2012_val_00016815.csv,10,0.9976221,4
513,ILSVRC2012_val_00017103.csv,10,0.99813217,4
514,ILSVRC2012_val_00018015.csv,10,0.5754778,9
515,ILSVRC2012_val_00018074.csv,10,0.99846846,10
516,ILSVRC2012_val_00018304.csv,10,0.99851865,4
517,ILSVRC2012_val_00019203.csv,10,0.99483925,4
518,ILSVRC2012_val_00019513.csv,10,0.9957729,10
519,ILSVRC2012_val_00020631.csv,10,0.9958852,4
520,ILSVRC2012_val_00024105.csv,10,0.99373853,10
521,ILSVRC2012_val_00024517.csv,10,0.99653685,10
522,ILSVRC2012_val_00027449.csv,10,0.99808013,4
523,ILSVRC2012_val_00028824.csv,10,0.9979784,10
524,ILSVRC2012_val_00029396.csv,10,0.8761182,10
525,ILSVRC2012_val_00029509.csv,10,0.99391115,10
526,ILSVRC2012_val_00030112.csv,10,0.9995881,4
527,ILSVRC2012_val_00030892.csv,10,0.9997875,4
528,ILSVRC2012_val_00031485.csv,10,0.9997031,4
529,ILSVRC2012_val_00032009.csv,10,0.999694,4
530,ILSVRC2012_val_00032967.csv,10,0.99960715,4
531,ILSVRC2012_val_00033757.csv,10,0.99979657,4
532,ILSVRC2012_val_00036119.csv,10,0.9986028,4
533,ILSVRC2012_val_00036678.csv,10,0.9973736,4
534,ILSVRC2012_val_00037438.csv,10,0.99854976,4
535,ILSVRC2012_val_00040230.csv,10,0.99890375,4
536,ILSVRC2012_val_00040237.csv,10,0.99900514,4
537,ILSVRC2012_val_00041265.csv,10,0.9625951,10
538,ILSVRC2012_val_00042393.csv,10,0.9996475,4
539,ILSVRC2012_val_00042426.csv,10,0.9997719,4
540,ILSVRC2012_val_00042457.csv,10,0.998384,4
541,ILSVRC2012_val_00043207.csv,10,0.9986297,4
542,ILSVRC2012_val_00043403.csv,10,0.9994055,4
543,ILSVRC2012_val_00044080.csv,10,0.99409926,4
544,ILSVRC2012_val_00044560.csv,10,0.9998938,4
545,ILSVRC2012_val_00045152.csv,10,0.999084,4
546,ILSVRC2012_val_00046549.csv,10,0.99945396,4
547,ILSVRC2012_val_00046987.csv,10,0.9903763,4
548,ILSVRC2012_val_00049001.csv,10,0.99912196,4
549,ILSVRC2012_val_00049750.csv,10,0.9984043,4
550,ILSVRC2012_val_00000803.csv,18,0.99938655,18
551,ILSVRC2012_val_00000846.csv,18,0.5204373,16
552,ILSVRC2012_val_00000927.csv,18,0.8262316,13
553,ILSVRC2012_val_00003120.csv,18,0.5936172,18
554,ILSVRC2012_val_00003970.csv,18,0.99838114,18
555,ILSVRC2012_val_00004642.csv,18,0.99760026,18
556,ILSVRC2012_val_00006070.csv,18,0.99883395,18
557,ILSVRC2012_val_00007175.csv,18,0.9870564,4
558,ILSVRC2012_val_00009735.csv,18,0.99918264,18
559,ILSVRC2012_val_00012280.csv,18,0.99987674,18
560,ILSVRC2012_val_00012780.csv,18,0.99770314,18
561,ILSVRC2012_val_00013161.csv,18,0.99556124,18
562,ILSVRC2012_val_00013616.csv,18,0.91628647,18
563,ILSVRC2012_val_00013906.csv,18,0.99986696,18
564,ILSVRC2012_val_00014424.csv,18,0.9959913,18
565,ILSVRC2012_val_00015375.csv,18,0.9635235,7
566,ILSVRC2012_val_00015472.csv,18,0.9528729,18
567,ILSVRC2012_val_00017480.csv,18,0.60452056,18
568,ILSVRC2012_val_00017816.csv,18,0.9999,-1
569,ILSVRC2012_val_00018677.csv,18,0.99967206,18
570,ILSVRC2012_val_00018734.csv,18,0.9968566,18
571,ILSVRC2012_val_00021458.csv,18,0.9969236,18
572,ILSVRC2012_val_00022300.csv,18,0.9987225,18
573,ILSVRC2012_val_00022389.csv,18,0.9999,-1
574,ILSVRC2012_val_00023120.csv,18,0.9914778,18
575,ILSVRC2012_val_00023904.csv,18,0.99814045,18
576,ILSVRC2012_val_00026095.csv,18,0.77515054,18
577,ILSVRC2012_val_00026639.csv,18,0.99718434,4
578,ILSVRC2012_val_00027014.csv,18,0.9359532,18
579,ILSVRC2012_val_00027734.csv,18,0.99176276,18
580,ILSVRC2012_val_00029770.csv,18,0.78584445,18
581,ILSVRC2012_val_00029924.csv,18,0.6970361,18
582,ILSVRC2012_val_00030565.csv,18,0.9995821,18
583,ILSVRC2012_val_00031394.csv,18,0.9918846,18
584,ILSVRC2012_val_00032713.csv,18,0.99932003,18
585,ILSVRC2012_val_00032891.csv,18,0.9740426,7
586,ILSVRC2012_val_00036387.csv,18,0.9999,-1
587,ILSVRC2012_val_00039149.csv,18,0.4721465,18
588,ILSVRC2012_val_00039420.csv,18,0.33646294,12
589,ILSVRC2012_val_00040362.csv,18,0.8786153,18
590,ILSVRC2012_val_00040635.csv,18,0.9951957,18
591,ILSVRC2012_val_00040828.csv,18,0.96661747,18
592,ILSVRC2012_val_00040868.csv,18,0.7723595,18
593,ILSVRC2012_val_00043712.csv,18,0.99820256,7
594,ILSVRC2012_val_00045539.csv,18,0.9958877,0
595,ILSVRC2012_val_00045856.csv,18,0.9998505,18
596,ILSVRC2012_val_00046098.csv,18,0.9995592,7
597,ILSVRC2012_val_00048402.csv,18,0.9996562,18
598,ILSVRC2012_val_00048819.csv,18,0.98311365,18
599,ILSVRC2012_val_00049330.csv,18,0.9843462,18
600,ILSVRC2012_val_00000192.csv,15,0.9932628,15
601,ILSVRC2012_val_00002930.csv,15,0.9992913,15
602,ILSVRC2012_val_00003224.csv,15,0.9982527,4
603,ILSVRC2012_val_00005510.csv,15,0.99915886,4
604,ILSVRC2012_val_00006111.csv,15,0.99582845,4
605,ILSVRC2012_val_00006809.csv,15,0.9887673,15
606,ILSVRC2012_val_00006951.csv,15,0.99917245,15
607,ILSVRC2012_val_00007352.csv,15,0.9832529,15
608,ILSVRC2012_val_00008733.csv,15,0.9941666,15
609,ILSVRC2012_val_00008781.csv,15,0.99600416,4
610,ILSVRC2012_val_00009086.csv,15,0.9991763,4
611,ILSVRC2012_val_00010731.csv,15,0.9991146,15
612,ILSVRC2012_val_00011880.csv,15,0.9991773,4
613,ILSVRC2012_val_00012464.csv,15,0.9958579,15
614,ILSVRC2012_val_00013082.csv,15,0.9927477,4
615,ILSVRC2012_val_00013228.csv,15,0.96802115,15
616,ILSVRC2012_val_00013551.csv,15,0.999587,4
617,ILSVRC2012_val_00016790.csv,15,0.99546105,15
618,ILSVRC2012_val_00018079.csv,15,0.9992631,15
619,ILSVRC2012_val_00019835.csv,15,0.9988538,15
620,ILSVRC2012_val_00020083.csv,15,0.99904794,15
621,ILSVRC2012_val_00020982.csv,15,0.98879015,15
622,ILSVRC2012_val_00021662.csv,15,0.826816,15
623,ILSVRC2012_val_00022043.csv,15,0.94873667,4
624,ILSVRC2012_val_00022295.csv,15,0.9980667,15
625,ILSVRC2012_val_00024602.csv,15,0.9941478,15
626,ILSVRC2012_val_00025864.csv,15,0.99947315,15
627,ILSVRC2012_val_00026124.csv,15,0.9969608,15
628,ILSVRC2012_val_00027250.csv,15,0.997152,15
629,ILSVRC2012_val_00028675.csv,15,0.9991167,4
630,ILSVRC2012_val_00029949.csv,15,0.9978538,15
631,ILSVRC2012_val_00030253.csv,15,0.9996032,4
632,ILSVRC2012_val_00031221.csv,15,0.99847287,15
633,ILSVRC2012_val_00031251.csv,15,0.99943537,15
634,ILSVRC2012_val_00032021.csv,15,0.9974177,15
635,ILSVRC2012_val_00032376.csv,15,0.98340917,15
636,ILSVRC2012_val_00032798.csv,15,0.99918085,15
637,ILSVRC2012_val_00033475.csv,15,0.999874,15
638,ILSVRC2012_val_00033600.csv,15,0.9908187,15
639,ILSVRC2012_val_00034159.csv,15,0.998985,15
640,ILSVRC2012_val_00034458.csv,15,0.96997917,4
641,ILSVRC2012_val_00036218.csv,15,0.99798524,4
642,ILSVRC2012_val_00038512.csv,15,0.99862504,15
643,ILSVRC2012_val_00038706.csv,15,0.9973826,15
644,ILSVRC2012_val_00040534.csv,15,0.99911696,15
645,ILSVRC2012_val_00042212.csv,15,0.9784453,15
646,ILSVRC2012_val_00048006.csv,15,0.99921775,15
647,ILSVRC2012_val_00048038.csv,15,0.9996308,15
648,ILSVRC2012_val_00049422.csv,15,0.99960405,15
649,ILSVRC2012_val_00049769.csv,15,0.95998424,15
650,ILSVRC2012_val_00000275.csv,19,0.9980063,19
651,ILSVRC2012_val_00001838.csv,19,0.9590155,19
652,ILSVRC2012_val_00002371.csv,19,0.99735427,19
653,ILSVRC2012_val_00002910.csv,19,0.9996766,19
654,ILSVRC2012_val_00003211.csv,19,0.99806565,19
655,ILSVRC2012_val_00006113.csv,19,0.74112016,4
656,ILSVRC2012_val_00008267.csv,19,0.8376115,19
657,ILSVRC2012_val_00010727.csv,19,0.9972899,19
658,ILSVRC2012_val_00013950.csv,19,0.8930868,19
659,ILSVRC2012_val_00016214.csv,19,0.9999,-1
660,ILSVRC2012_val_00017148.csv,19,0.992668,19
661,ILSVRC2012_val_00017725.csv,19,0.99394965,19
662,ILSVRC2012_val_00022087.csv,19,0.89048207,19
663,ILSVRC2012_val_00022614.csv,19,0.99915314,19
664,ILSVRC2012_val_00022985.csv,19,0.9921056,19
665,ILSVRC2012_val_00023963.csv,19,0.9949196,19
666,ILSVRC2012_val_00024947.csv,19,0.99961036,19
667,ILSVRC2012_val_00025687.csv,19,0.99861896,19
668,ILSVRC2012_val_00026572.csv,19,0.99197173,19
669,ILSVRC2012_val_00027243.csv,19,0.99901605,4
670,ILSVRC2012_val_00027409.csv,19,0.99933404,19
671,ILSVRC2012_val_00027761.csv,19,0.5023608,19
672,ILSVRC2012_val_00028403.csv,19,0.9999,-1
673,ILSVRC2012_val_00028651.csv,19,0.9920393,4
674,ILSVRC2012_val_00028701.csv,19,0.9946068,19
675,ILSVRC2012_val_00029953.csv,19,0.99910295,19
676,ILSVRC2012_val_00030617.csv,19,0.9966503,19
677,ILSVRC2012_val_00031318.csv,19,0.99829704,4
678,ILSVRC2012_val_00031846.csv,19,0.9411335,4
679,ILSVRC2012_val_00031904.csv,19,0.9995491,19
680,ILSVRC2012_val_00034408.csv,19,0.5665896,19
681,ILSVRC2012_val_00034680.csv,19,0.9992341,19
682,ILSVRC2012_val_00035110.csv,19,0.9819827,19
683,ILSVRC2012_val_00037963.csv,19,0.95668215,19
684,ILSVRC2012_val_00038370.csv,19,0.99894494,19
685,ILSVRC2012_val_00038571.csv,19,0.9998424,19
686,ILSVRC2012_val_00040175.csv,19,0.9458344,18
687,ILSVRC2012_val_00040666.csv,19,0.8971287,18
688,ILSVRC2012_val_00040768.csv,19,0.9426418,19
689,ILSVRC2012_val_00042305.csv,19,0.9999,-1
690,ILSVRC2012_val_00045802.csv,19,0.9544489,19
691,ILSVRC2012_val_00045938.csv,19,0.9923118,19
692,ILSVRC2012_val_00046283.csv,19,0.93403816,19
693,ILSVRC2012_val_00046642.csv,19,0.9893547,19
694,ILSVRC2012_val_00047274.csv,19,0.99949837,19
695,ILSVRC2012_val_00047386.csv,19,0.9988288,19
696,ILSVRC2012_val_00047840.csv,19,0.97276527,19
697,ILSVRC2012_val_00047897.csv,19,0.9933469,19
698,ILSVRC2012_val_00048845.csv,19,0.9936174,19
699,ILSVRC2012_val_00049013.csv,19,0.9993629,19
700,ILSVRC2012_val_00000901.csv,9,0.8856812,4
701,ILSVRC2012_val_00001204.csv,9,0.99882406,9
702,ILSVRC2012_val_00002696.csv,9,0.9996532,9
703,ILSVRC2012_val_00004636.csv,9,0.99854386,4
704,ILSVRC2012_val_00005371.csv,9,0.98584855,9
705,ILSVRC2012_val_00007275.csv,9,0.9979842,9
706,ILSVRC2012_val_00007310.csv,9,0.97913927,9
707,ILSVRC2012_val_00007911.csv,9,0.945939,9
708,ILSVRC2012_val_00008080.csv,9,0.97157985,9
709,ILSVRC2012_val_00008630.csv,9,0.9291597,9
710,ILSVRC2012_val_00009927.csv,9,0.9411146,4
711,ILSVRC2012_val_00010190.csv,9,0.98652595,9
712,ILSVRC2012_val_00011107.csv,9,0.98320585,9
713,ILSVRC2012_val_00012550.csv,9,0.7340856,8
714,ILSVRC2012_val_00014242.csv,9,0.99383545,9
715,ILSVRC2012_val_00014274.csv,9,0.9702023,8
716,ILSVRC2012_val_00014454.csv,9,0.99759114,9
717,ILSVRC2012_val_00018893.csv,9,0.9685665,9
718,ILSVRC2012_val_00019970.csv,9,0.9360977,4
719,ILSVRC2012_val_00020353.csv,9,0.9960937,4
720,ILSVRC2012_val_00020732.csv,9,0.9904129,9
721,ILSVRC2012_val_00020894.csv,9,0.98954713,9
722,ILSVRC2012_val_00021647.csv,9,0.99928206,9
723,ILSVRC2012_val_00022635.csv,9,0.99347454,4
724,ILSVRC2012_val_00022760.csv,9,0.99274504,4
725,ILSVRC2012_val_00023545.csv,9,0.9378979,9
726,ILSVRC2012_val_00024141.csv,9,0.99229264,9
727,ILSVRC2012_val_00026741.csv,9,0.5830569,9
728,ILSVRC2012_val_00026763.csv,9,0.9756099,4
729,ILSVRC2012_val_00028541.csv,9,0.9456805,9
730,ILSVRC2012_val_00031072.csv,9,0.9971468,4
731,ILSVRC2012_val_00031397.csv,9,0.99516654,9
732,ILSVRC2012_val_00031708.csv,9,0.9985092,8
733,ILSVRC2012_val_00032833.csv,9,0.9161932,9
734,ILSVRC2012_val_00032860.csv,9,0.88383585,4
735,ILSVRC2012_val_00034468.csv,9,0.36659265,4
736,ILSVRC2012_val_00036660.csv,9,0.98606086,9
737,ILSVRC2012_val_00038450.csv,9,0.9897083,9
738,ILSVRC2012_val_00039041.csv,9,0.9988576,9
739,ILSVRC2012_val_00039954.csv,9,0.9925741,4
740,ILSVRC2012_val_00040212.csv,9,0.99985063,4
741,ILSVRC2012_val_00040734.csv,9,0.98588437,9
742,ILSVRC2012_val_00041179.csv,9,0.9770637,9
743,ILSVRC2012_val_00041800.csv,9,0.8771541,9
744,ILSVRC2012_val_00042203.csv,9,0.9930394,9
745,ILSVRC2012_val_00042675.csv,9,0.9980354,4
746,ILSVRC2012_val_00043492.csv,9,0.9733846,9
747,ILSVRC2012_val_00043946.csv,9,0.57549953,8
748,ILSVRC2012_val_00045916.csv,9,0.6544281,8
749,ILSVRC2012_val_00047638.csv,9,0.68080074,9
750,ILSVRC2012_val_00000187.csv,14,0.8282256,13
751,ILSVRC2012_val_00000784.csv,14,0.9943811,14
752,ILSVRC2012_val_00001797.csv,14,0.99812275,14
753,ILSVRC2012_val_00002213.csv,14,0.9856975,14
754,ILSVRC2012_val_00003996.csv,14,0.9991621,14
755,ILSVRC2012_val_00005130.csv,14,0.99949193,14
756,ILSVRC2012_val_00008391.csv,14,0.97018707,14
757,ILSVRC2012_val_00010556.csv,14,0.9528012,14
758,ILSVRC2012_val_00010668.csv,14,0.99560577,14
759,ILSVRC2012_val_00011667.csv,14,0.9857606,14
760,ILSVRC2012_val_00013205.csv,14,0.99829143,14
761,ILSVRC2012_val_00013319.csv,14,0.99913603,14
762,ILSVRC2012_val_00014564.csv,14,0.99855214,14
763,ILSVRC2012_val_00014857.csv,14,0.99546546,14
764,ILSVRC2012_val_00015118.csv,14,0.99927014,4
765,ILSVRC2012_val_00015480.csv,14,0.998252,14
766,ILSVRC2012_val_00015969.csv,14,0.9969861,14
767,ILSVRC2012_val_00016410.csv,14,0.9983924,14
768,ILSVRC2012_val_00018084.csv,14,0.99578345,14
769,ILSVRC2012_val_00018342.csv,14,0.99755377,14
770,ILSVRC2012_val_00018598.csv,14,0.99941516,14
771,ILSVRC2012_val_00018687.csv,14,0.98550063,14
772,ILSVRC2012_val_00019053.csv,14,0.91929144,14
773,ILSVRC2012_val_00021567.csv,14,0.98029596,14
774,ILSVRC2012_val_00025592.csv,14,0.99858177,14
775,ILSVRC2012_val_00025762.csv,14,0.99686927,14
776,ILSVRC2012_val_00028463.csv,14,0.99916255,14
777,ILSVRC2012_val_00029849.csv,14,0.9653235,14
778,ILSVRC2012_val_00029961.csv,14,0.99114764,14
779,ILSVRC2012_val_00030427.csv,14,0.7719036,14
780,ILSVRC2012_val_00030438.csv,14,0.99967515,14
781,ILSVRC2012_val_00030748.csv,14,0.98761183,14
782,ILSVRC2012_val_00032726.csv,14,0.99419653,14
783,ILSVRC2012_val_00032742.csv,14,0.95852804,14
784,ILSVRC2012_val_00033387.csv,14,0.9387772,14
785,ILSVRC2012_val_00033485.csv,14,0.9276429,14
786,ILSVRC2012_val_00033792.csv,14,0.99124813,14
787,ILSVRC2012_val_00034167.csv,14,0.9949587,14
788,ILSVRC2012_val_00035841.csv,14,0.9109609,13
789,ILSVRC2012_val_00038360.csv,14,0.99761474,14
790,ILSVRC2012_val_00038561.csv,14,0.99153626,13
791,ILSVRC2012_val_00041497.csv,14,0.99645305,14
792,ILSVRC2012_val_00041588.csv,14,0.97388893,14
793,ILSVRC2012_val_00044872.csv,14,0.99521446,14
794,ILSVRC2012_val_00045032.csv,14,0.99786454,14
795,ILSVRC2012_val_00045430.csv,14,0.9999,-1
796,ILSVRC2012_val_00045610.csv,14,0.9983758,14
797,ILSVRC2012_val_00045797.csv,14,0.9949143,14
798,ILSVRC2012_val_00046771.csv,14,0.99964345,14
799,ILSVRC2012_val_00049660.csv,14,0.99885476,14
800,ILSVRC2012_val_00000381.csv,6,0.9993298,4
801,ILSVRC2012_val_00002233.csv,6,0.45222437,10
802,ILSVRC2012_val_00002976.csv,6,0.9911157,4
803,ILSVRC2012_val_00004816.csv,6,0.99505377,6
804,ILSVRC2012_val_00005226.csv,6,0.68760794,4
805,ILSVRC2012_val_00006260.csv,6,0.99987566,4
806,ILSVRC2012_val_00008575.csv,6,0.9833688,6
807,ILSVRC2012_val_00008909.csv,6,0.999853,4
808,ILSVRC2012_val_00009473.csv,6,0.9999,-1
809,ILSVRC2012_val_00013644.csv,6,0.954724,4
810,ILSVRC2012_val_00014596.csv,6,0.9998466,4
811,ILSVRC2012_val_00014615.csv,6,0.9998235,4
812,ILSVRC2012_val_00014772.csv,6,0.9963952,6
813,ILSVRC2012_val_00015275.csv,6,0.9974776,4
814,ILSVRC2012_val_00015771.csv,6,0.99606764,4
815,ILSVRC2012_val_00016972.csv,6,0.9995541,6
816,ILSVRC2012_val_00017127.csv,6,0.99842036,6
817,ILSVRC2012_val_00017824.csv,6,0.99764425,10
818,ILSVRC2012_val_00019266.csv,6,0.92949057,6
819,ILSVRC2012_val_00019809.csv,6,0.97981125,4
820,ILSVRC2012_val_00020282.csv,6,0.99503785,6
821,ILSVRC2012_val_00021900.csv,6,0.99823487,4
822,ILSVRC2012_val_00022730.csv,6,0.99873716,4
823,ILSVRC2012_val_00022988.csv,6,0.9999,-1
824,ILSVRC2012_val_00024621.csv,6,0.99804723,6
825,ILSVRC2012_val_00025041.csv,6,0.9994042,4
826,ILSVRC2012_val_00026690.csv,6,0.63400716,6
827,ILSVRC2012_val_00028133.csv,6,0.9943106,4
828,ILSVRC2012_val_00029229.csv,6,0.9624184,6
829,ILSVRC2012_val_00029272.csv,6,0.9939037,4
830,ILSVRC2012_val_00030149.csv,6,0.98974144,6
831,ILSVRC2012_val_00030930.csv,6,0.5729465,6
832,ILSVRC2012_val_00031400.csv,6,0.99912506,6
833,ILSVRC2012_val_00032001.csv,6,0.99759537,4
834,ILSVRC2012_val_00032101.csv,6,0.9980142,4
835,ILSVRC2012_val_00032662.csv,6,0.99936527,4
836,ILSVRC2012_val_00036058.csv,6,0.9976622,4
837,ILSVRC2012_val_00037237.csv,6,0.9993911,6
838,ILSVRC2012_val_00038295.csv,6,0.79659164,4
839,ILSVRC2012_val_00038778.csv,6,0.9972331,6
840,ILSVRC2012_val_00039938.csv,6,0.9948302,6
841,ILSVRC2012_val_00040191.csv,6,0.9899182,6
842,ILSVRC2012_val_00040204.csv,6,0.9981427,4
843,ILSVRC2012_val_00040984.csv,6,0.9995165,6
844,ILSVRC2012_val_00041545.csv,6,0.99950933,4
845,ILSVRC2012_val_00042720.csv,6,0.9885417,6
846,ILSVRC2012_val_00046429.csv,6,0.97142833,0
847,ILSVRC2012_val_00048492.csv,6,0.9908727,4
848,ILSVRC2012_val_00048993.csv,6,0.99718565,4
849,ILSVRC2012_val_00049952.csv,6,0.998594,4
850,ILSVRC2012_val_00001406.csv,16,0.9799612,16
851,ILSVRC2012_val_00001778.csv,16,0.8181041,16
852,ILSVRC2012_val_00002915.csv,16,0.9800883,16
853,ILSVRC2012_val_00003619.csv,16,0.99845314,16
854,ILSVRC2012_val_00005888.csv,16,0.9241245,16
855,ILSVRC2012_val_00006199.csv,16,0.75045025,16
856,ILSVRC2012_val_00006302.csv,16,0.99477154,16
857,ILSVRC2012_val_00006756.csv,16,0.9966503,16
858,ILSVRC2012_val_00010681.csv,16,0.99403536,4
859,ILSVRC2012_val_00012107.csv,16,0.99117345,16
860,ILSVRC2012_val_00012699.csv,16,0.99881494,4
861,ILSVRC2012_val_00013588.csv,16,0.98723686,16
862,ILSVRC2012_val_00013643.csv,16,0.9692497,16
863,ILSVRC2012_val_00014311.csv,16,0.99355423,16
864,ILSVRC2012_val_00014840.csv,16,0.9967769,16
865,ILSVRC2012_val_00014856.csv,16,0.99481225,16
866,ILSVRC2012_val_00017016.csv,16,0.97882104,16
867,ILSVRC2012_val_00017096.csv,16,0.9824737,16
868,ILSVRC2012_val_00018013.csv,16,0.98353934,16
869,ILSVRC2012_val_00021144.csv,16,0.988149,16
870,ILSVRC2012_val_00021193.csv,16,0.94207186,16
871,ILSVRC2012_val_00021465.csv,16,0.9999,-1
872,ILSVRC2012_val_00021528.csv,16,0.9313957,4
873,ILSVRC2012_val_00022623.csv,16,0.9948673,16
874,ILSVRC2012_val_00023063.csv,16,0.99834514,16
875,ILSVRC2012_val_00023088.csv,16,0.99468994,16
876,ILSVRC2012_val_00023626.csv,16,0.99722266,16
877,ILSVRC2012_val_00024692.csv,16,0.65661025,4
878,ILSVRC2012_val_00026831.csv,16,0.9884653,4
879,ILSVRC2012_val_00027083.csv,16,0.9997435,16
880,ILSVRC2012_val_00027520.csv,16,0.9963031,16
881,ILSVRC2012_val_00027744.csv,16,0.9796429,16
882,ILSVRC2012_val_00028980.csv,16,0.6612343,16
883,ILSVRC2012_val_00029447.csv,16,0.9839319,4
884,ILSVRC2012_val_00030614.csv,16,0.9418824,16
885,ILSVRC2012_val_00032960.csv,16,0.79442805,16
886,ILSVRC2012_val_00033807.csv,16,0.85803306,16
887,ILSVRC2012_val_00034677.csv,16,0.99092686,16
888,ILSVRC2012_val_00036854.csv,16,0.97619516,16
889,ILSVRC2012_val_00037247.csv,16,0.9886777,16
890,ILSVRC2012_val_00039277.csv,16,0.88923544,16
891,ILSVRC2012_val_00040122.csv,16,0.83172476,16
892,ILSVRC2012_val_00040188.csv,16,0.99205023,4
893,ILSVRC2012_val_00042291.csv,16,0.99416614,16
894,ILSVRC2012_val_00043565.csv,16,0.9944728,16
895,ILSVRC2012_val_00045093.csv,16,0.9958687,16
896,ILSVRC2012_val_00045114.csv,16,0.99861026,16
897,ILSVRC2012_val_00046347.csv,16,0.98431075,16
898,ILSVRC2012_val_00048190.csv,16,0.96224505,16
899,ILSVRC2012_val_00049490.csv,16,0.9978661,16
900,ILSVRC2012_val_00000605.csv,17,0.8243333,17
901,ILSVRC2012_val_00001849.csv,17,0.986388,17
902,ILSVRC2012_val_00002187.csv,17,0.9571193,17
903,ILSVRC2012_val_00003412.csv,17,0.96316,17
904,ILSVRC2012_val_00004614.csv,17,0.9676702,17
905,ILSVRC2012_val_00005177.csv,17,0.98320353,17
906,ILSVRC2012_val_00006728.csv,17,0.97623026,17
907,ILSVRC2012_val_00009227.csv,17,0.99437547,17
908,ILSVRC2012_val_00010237.csv,17,0.9982992,17
909,ILSVRC2012_val_00012131.csv,17,0.99352455,17
910,ILSVRC2012_val_00012444.csv,17,0.9955848,17
911,ILSVRC2012_val_00012452.csv,17,0.9991937,17
912,ILSVRC2012_val_00012621.csv,17,0.9829543,17
913,ILSVRC2012_val_00014063.csv,17,0.95741624,4
914,ILSVRC2012_val_00015209.csv,17,0.9562216,17
915,ILSVRC2012_val_00016182.csv,17,0.9041961,16
916,ILSVRC2012_val_00017021.csv,17,0.94146156,17
917,ILSVRC2012_val_00017144.csv,17,0.9976636,17
918,ILSVRC2012_val_00018896.csv,17,0.9969104,17
919,ILSVRC2012_val_00020601.csv,17,0.9718872,17
920,ILSVRC2012_val_00021098.csv,17,0.9313187,16
921,ILSVRC2012_val_00021860.csv,17,0.9992655,17
922,ILSVRC2012_val_00022037.csv,17,0.99843997,4
923,ILSVRC2012_val_00022193.csv,17,0.99461335,17
924,ILSVRC2012_val_00022628.csv,17,0.9280675,17
925,ILSVRC2012_val_00023220.csv,17,0.99716264,17
926,ILSVRC2012_val_00025019.csv,17,0.96321803,17
927,ILSVRC2012_val_00026836.csv,17,0.9665745,17
928,ILSVRC2012_val_00028841.csv,17,0.9895208,17
929,ILSVRC2012_val_00029200.csv,17,0.9991794,17
930,ILSVRC2012_val_00029906.csv,17,0.9211959,17
931,ILSVRC2012_val_00029919.csv,17,0.88492095,17
932,ILSVRC2012_val_00031641.csv,17,0.8859619,17
933,ILSVRC2012_val_00031781.csv,17,0.9287667,17
934,ILSVRC2012_val_00032327.csv,17,0.9970816,17
935,ILSVRC2012_val_00034098.csv,17,0.99196035,17
936,ILSVRC2012_val_00036580.csv,17,0.99212754,17
937,ILSVRC2012_val_00038080.csv,17,0.998314,17
938,ILSVRC2012_val_00038819.csv,17,0.93101543,17
939,ILSVRC2012_val_00039341.csv,17,0.9909251,17
940,ILSVRC2012_val_00040280.csv,17,0.98066896,17
941,ILSVRC2012_val_00040281.csv,17,0.97630423,17
942,ILSVRC2012_val_00042014.csv,17,0.8793761,17
943,ILSVRC2012_val_00043785.csv,17,0.9791822,17
944,ILSVRC2012_val_00043863.csv,17,0.9991997,17
945,ILSVRC2012_val_00045425.csv,17,0.9929432,4
946,ILSVRC2012_val_00046575.csv,17,0.99171937,17
947,ILSVRC2012_val_00047828.csv,17,0.9431273,17
948,ILSVRC2012_val_00049164.csv,17,0.9978751,17
949,ILSVRC2012_val_00049606.csv,17,0.9925383,17
950,ILSVRC2012_val_00000255.csv,4,0.99622464,4
951,ILSVRC2012_val_00000529.csv,4,0.5863709,4
952,ILSVRC2012_val_00003811.csv,4,0.9976458,4
953,ILSVRC2012_val_00004546.csv,4,0.99666923,4
954,ILSVRC2012_val_00005914.csv,4,0.9994562,4
955,ILSVRC2012_val_00011208.csv,4,0.89432484,4
956,ILSVRC2012_val_00013619.csv,4,0.99918264,4
957,ILSVRC2012_val_00013652.csv,4,0.98533094,4
958,ILSVRC2012_val_00015336.csv,4,0.97507155,4
959,ILSVRC2012_val_00015572.csv,4,0.99488705,4
960,ILSVRC2012_val_00016884.csv,4,0.88368374,3
961,ILSVRC2012_val_00017322.csv,4,0.9972102,4
962,ILSVRC2012_val_00017491.csv,4,0.7538983,1
963,ILSVRC2012_val_00017929.csv,4,0.9994455,4
964,ILSVRC2012_val_00019114.csv,4,0.9898323,4
965,ILSVRC2012_val_00020135.csv,4,0.99742174,4
966,ILSVRC2012_val_00020452.csv,4,0.99801433,4
967,ILSVRC2012_val_00020796.csv,4,0.99858934,4
968,ILSVRC2012_val_00020849.csv,4,0.9993598,4
969,ILSVRC2012_val_00021407.csv,4,0.99898916,4
970,ILSVRC2012_val_00022183.csv,4,0.32305706,12
971,ILSVRC2012_val_00022622.csv,4,0.9996093,4
972,ILSVRC2012_val_00025234.csv,4,0.9290631,4
973,ILSVRC2012_val_00025967.csv,4,0.9993849,4
974,ILSVRC2012_val_00026867.csv,4,0.9551919,4
975,ILSVRC2012_val_00027410.csv,4,0.8947395,4
976,ILSVRC2012_val_00027675.csv,4,0.92006004,4
977,ILSVRC2012_val_00027740.csv,4,0.98389107,4
978,ILSVRC2012_val_00028903.csv,4,0.9053584,11
979,ILSVRC2012_val_00033855.csv,4,0.9760743,4
980,ILSVRC2012_val_00036689.csv,4,0.9994861,4
981,ILSVRC2012_val_00037541.csv,4,0.99778974,4
982,ILSVRC2012_val_00037561.csv,4,0.9915297,4
983,ILSVRC2012_val_00038871.csv,4,0.9977291,4
984,ILSVRC2012_val_00038909.csv,4,0.98606014,4
985,ILSVRC2012_val_00039388.csv,4,0.9887518,4
986,ILSVRC2012_val_00040033.csv,4,0.9877609,4
987,ILSVRC2012_val_00041020.csv,4,0.7089339,4
988,ILSVRC2012_val_00041218.csv,4,0.99847037,4
989,ILSVRC2012_val_00042288.csv,4,0.9986656,4
990,ILSVRC2012_val_00042444.csv,4,0.9877506,4
991,ILSVRC2012_val_00042874.csv,4,0.5223384,4
992,ILSVRC2012_val_00042949.csv,4,0.9497011,4
993,ILSVRC2012_val_00043031.csv,4,0.9999,-1
994,ILSVRC2012_val_00046317.csv,4,0.96676064,4
995,ILSVRC2012_val_00046799.csv,4,0.9350662,4
996,ILSVRC2012_val_00047304.csv,4,0.99189925,4
997,ILSVRC2012_val_00048635.csv,4,0.3221584,4
998,ILSVRC2012_val_00048689.csv,4,0.99726033,4
999,ILSVRC2012_val_00049626.csv,4,0.93658566,4
